     2   117.000000
     3   112.000000
     9   100.000000
     4    96.000000
     7    92.000000
     8    85.000000
    14    83.000000
    23    80.000000
    20    71.000000
    11    62.000000
    25    61.000000
    18    60.000000
    10    57.000000
    28    56.000000
    19    55.000000
    16    55.000000
     5    54.000000
     6    52.000000
    22    51.000000
    24    50.000000
    26    50.000000
    21    48.000000
    15    47.000000
    13    45.000000
    27    44.000000
    17    41.000000
     0    26.000000
     1    23.000000
    12    18.000000
