     2   115.000000
     8   100.000000
     9    97.000000
     3    89.000000
     7    87.000000
    14    87.000000
    18    84.000000
     4    77.000000
    23    70.000000
    22    70.000000
    21    68.000000
    19    65.000000
    26    59.000000
    20    58.000000
    24    58.000000
    13    57.000000
    17    55.000000
    28    54.000000
    25    53.000000
    10    52.000000
    12    52.000000
     5    47.000000
    11    41.000000
    27    41.000000
    16    40.000000
     6    40.000000
    15    36.000000
     1    24.000000
     0    16.000000
