     9   118.000000
     4   113.000000
     2   102.000000
     8    94.000000
     3    85.000000
     5    81.000000
     6    80.000000
    20    80.000000
    28    76.000000
    11    74.000000
    19    71.000000
    16    70.000000
    14    69.000000
    15    68.000000
    25    68.000000
    10    65.000000
    24    62.000000
    23    59.000000
     7    51.000000
    18    47.000000
    27    40.000000
     1    34.000000
    17    29.000000
    13    28.000000
     0    25.000000
    21    25.000000
    22    24.000000
    26    24.000000
    12     5.000000
