     2   270.000000
     7   212.000000
    26   188.000000
     4   167.000000
     3   166.000000
    22   162.000000
     8   159.000000
    27   157.000000
    24   142.000000
    23   140.000000
    21   138.000000
    25   134.000000
     6   127.000000
     9   126.000000
    13   125.000000
    28   125.000000
    18   119.000000
    14   118.000000
    20   107.000000
    17    90.000000
    19    90.000000
    12    84.000000
     1    82.000000
    11    66.000000
    10    60.000000
     5    60.000000
     0    58.000000
    16    55.000000
    15    55.000000
