     2   245.000000
     3   191.000000
    25   189.000000
     4   181.000000
     7   174.000000
    24   172.000000
    27   166.000000
    26   161.000000
    28   153.000000
     9   150.000000
    22   141.000000
    19   141.000000
     8   132.000000
    11   128.000000
    20   128.000000
    23   128.000000
    13   108.000000
     6   103.000000
    10   100.000000
     5    92.000000
    16    90.000000
    15    86.000000
     1    80.000000
    14    79.000000
    17    73.000000
    18    66.000000
     0    59.000000
    12    42.000000
    21    31.000000
