     4   123.000000
     9   108.000000
     2   105.000000
     3   103.000000
     8    99.000000
     6    92.000000
     5    86.000000
    25    76.000000
    10    74.000000
    28    70.000000
    27    69.000000
    26    67.000000
    20    67.000000
    24    66.000000
    16    64.000000
    14    62.000000
    23    59.000000
    11    55.000000
    19    54.000000
    15    53.000000
    13    48.000000
    18    45.000000
     1    41.000000
     7    36.000000
     0    25.000000
    22    18.000000
    21    15.000000
    17    14.000000
    12     3.000000
