     3   232.000000
     4   226.000000
     2   214.000000
     9   198.000000
    24   182.000000
    25   157.000000
    27   155.000000
    28   153.000000
    26   153.000000
    10   146.000000
     6   145.000000
    20   144.000000
    19   141.000000
     8   140.000000
    16   135.000000
     5   135.000000
    15   133.000000
    11   117.000000
    23   114.000000
    14    99.000000
    18    89.000000
     7    89.000000
    13    86.000000
    22    77.000000
     0    44.000000
    17    41.000000
     1    38.000000
    12    11.000000
    21     2.000000
