     2   110.000000
     9    91.000000
    26    87.000000
     5    85.000000
     8    85.000000
    20    84.000000
    19    82.000000
    24    79.000000
     7    79.000000
    16    74.000000
    28    74.000000
    11    73.000000
    25    73.000000
     4    71.000000
    18    62.000000
    15    60.000000
     3    60.000000
    14    56.000000
    27    54.000000
     6    52.000000
    13    42.000000
    10    41.000000
    23    41.000000
    17    40.000000
    22    39.000000
    12    33.000000
    21    30.000000
     0    26.000000
     1    17.000000
