     8   216.000000
     3   210.000000
     9   198.000000
     2   187.000000
     4   187.000000
    24   163.000000
    28   163.000000
    25   156.000000
    20   155.000000
     7   152.000000
    26   149.000000
    23   142.000000
     5   131.000000
    27   121.000000
     6   118.000000
    13   114.000000
    15   108.000000
    16   108.000000
    14   108.000000
    19   104.000000
    11    95.000000
    10    92.000000
     0    88.000000
    22    80.000000
    18    76.000000
    17    61.000000
     1    60.000000
    12    40.000000
    21    18.000000
