     4   226.000000
     2   208.000000
     3   192.000000
     6   188.000000
    24   165.000000
    19   158.000000
     5   151.000000
    16   150.000000
    20   150.000000
    15   149.000000
    25   148.000000
     9   146.000000
    26   145.000000
    28   144.000000
    11   141.000000
    10   140.000000
    27   135.000000
     8   127.000000
     7    92.000000
    22    84.000000
     1    81.000000
    23    79.000000
    18    78.000000
    14    78.000000
     0    71.000000
    13    67.000000
    17    35.000000
    12    14.000000
    21     2.000000
